385.961 392.769 505.787 
140.196 442.541 57.2941 
339.74 168.296 66.4771 
138.57 347.651 278.213 
228.559 389.007 229.472 
401.425 108.762 332.959 
304.449 305.974 438.812 
469.941 450.539 125.014 
236.116 73.8904 11.3765 
494.993 365.911 162.271 
114.642 240.872 44.0401 
109.428 381.067 486.581 
166.722 209.807 143.878 
233.2 348.378 491.528 
0.412223 65.9364 369.536 
229.885 467.362 478.297 
51.844 260.811 273.271 
490.656 219.752 212.81 
104.67 455.867 286.7 
116.046 439.861 141.612 
278.317 43.5021 382.483 
322.357 152.931 252.551 
297.938 319.653 462.358 
441.816 41.8526 299.736 
422.344 42.2648 365.672 
280.88 272.149 322.034 
248.177 323.993 71.8449 
10.4482 303.649 291.596 
223.258 408.319 236.464 
509.958 13.3647 165.324 
140.57 291.682 208.827 
12.0534 103.039 361.757 
264.604 400.977 170.41 
215.963 331.793 212.263 
4.69847 243.137 254.527 
370.371 13.0169 15.6767 
181.405 261.194 339.67 
253.25 271.642 132.319 
33.8461 494.9 29.6377 
270.31 493.859 43.0023 
435.634 123.429 334.684 
133.461 135.482 437.723 
495.218 400.086 327.699 
154.628 105.049 148.492 
366.891 109.747 391.629 
110.418 480.118 404.646 
126.095 150.523 154.84 
465.765 403.772 426.483 
87.0839 437.619 410.383 
116.722 196.929 393.242 
159.724 121.563 5.6704 
494.408 255.024 141.152 
421.13 239.242 30.2388 
237.83 393.87 135.288 
386.322 249.761 245.035 
266.952 360.179 214.153 
160.598 486.273 364.676 
315.438 441.038 257.449 
230.921 17.1222 184.067 
130.304 133.844 380.996 
12.5459 293.568 502.559 
18.2163 276.975 246.583 
159.369 187.106 485.825 
189.608 424.936 368.695 
324.896 300.258 107.456 
58.9308 56.2093 467.634 
273.084 216.807 442.908 
126.761 21.2457 372.946 
384.209 252.167 390.068 
57.2768 382.471 12.912 
438.273 395.017 306.48 
429.832 413.233 72.4551 
165.414 61.6021 259.561 
140.239 251.21 173.497 
508.934 65.1052 473.754 
105.39 124.036 18.9636 
62.0238 397.12 235.771 
504.932 12.881 257.017 
366.878 397.09 509.184 
245.946 454.367 380.655 
258.858 381.64 264.672 
54.3375 300.471 166.905 
126.793 465.886 228.507 
386.354 95.125 479.717 
48.8501 93.0591 33.822 
11.6044 198.449 157.858 
30.5681 260.472 43.9784 
266.339 254.404 56.8594 
12.3557 110.282 453.95 
10.5393 356.228 397.317 
391.194 104.085 267.957 
144.865 158.423 57.4285 
311.77 285.216 12.3144 
29.2773 160.569 107.439 
508.994 209.419 200.498 
31.816 221.024 398.947 
189.674 251.592 148.42 
233.652 6.93074 402.824 
290.512 19.2864 2.10533 
233.462 29.8257 358.333 
119.779 421.02 462.418 
387.736 54.885 109.841 
445.164 366.655 395.057 
457.479 395.933 44.6259 
53.918 393.927 254.045 
254.416 425.742 475.069 
142.363 104.417 215.66 
290.783 338.069 222.591 
182.607 117.581 241.878 
184.712 351.042 271.703 
32.0449 470.821 181.723 
494.463 347.557 236.608 
93.3045 281.721 92.2631 
488.361 228.2 488.196 
21.9873 282.118 371.122 
276.032 25.5342 285.865 
240.101 167.898 390.281 
455.762 458.681 217.35 
167.353 130.287 334.931 
409.23 314.999 174.973 
169.934 347.044 134.794 
351.657 330.508 482.351 
77.2645 423.812 253.072 
169.528 401.173 481.272 
146.723 423.161 252.39 
6.84532 188.193 277.924 
292.71 428.294 445.821 
171.991 373.056 393.502 
389.341 29.4087 12.7895 
213.272 438.639 327.789 
388.245 97.573 163.833 
12.0391 449.23 494.341 
494.39 15.4941 407.153 
236.462 185.022 297.326 
